,num_seq,t_ch_MAX,max_CL,CL@BC_t_ch_MAX,aic,PV,PV_OK,t_ch_MAX_OK,phyl_OK
A.1.NmC1,377,423,15.40088973591475,,,,*,*,*
